MMM [164.1, 164.04, 164.17, 164.1499, 164.42, 164.5, 164.73, 164.47, 164.41, 164.5, 164.57, 164.32, 164.45, 164.53, 164.75, 164.63, 164.62, 164.68, 164.67, 164.67, 164.67, 164.67, 164.67, 164.67, 164.67, 164.67, 164.67, 164.67, 164.67, 164.67, 164.67, 164.67, 164.67, 164.67, 164.67, 164.67, 164.67, 164.67, 164.67, 164.67, 164.67, 164.67, 164.67, 164.67, 164.67, 164.67, 164.67, 164.67, 164.67, 164.67, 164.67, 164.67, 164.67, 164.67, 164.67, 164.67, 164.67, 164.67, 164.67, 164.67, 164.67, 164.67, 164.67, 164.67, 164.67, 164.67, 164.67, 164.67, 164.67, 164.67, 164.67, 164.67, 159.5273]
AXP [78.37, 78.395, 78.44, 78.3901, 78.465, 78.37, 78.43, 78.415, 78.365, 78.465, 78.53, 78.645, 78.615, 78.59, 78.605, 78.6201, 78.535, 78.44, 78.44, 78.44, 78.44, 78.44, 78.44, 78.44, 78.44, 78.44, 78.44, 78.44, 78.44, 78.44, 78.44, 78.44, 78.44, 78.44, 78.44, 78.44, 78.44, 78.44, 78.44, 78.44, 78.44, 78.44, 78.44, 78.44, 78.44, 78.44, 78.44, 78.44, 78.44, 78.44, 78.44, 78.44, 78.44, 78.44, 78.44, 78.44, 78.44, 78.44, 78.44, 78.44, 78.44, 78.44, 78.44, 78.44, 78.44, 78.44, 78.44, 78.44, 78.44, 78.44, 78.44, 78.44, 78.0435]
AAPL [127.7, 127.5499, 127.58, 127.68, 127.81, 127.749, 127.95, 127.9, 128.005, 128.1174, 128.23, 128.2233, 128.58, 128.7376, 128.64, 128.54, 128.6, 128.62, 128.62, 128.62, 128.62, 128.62, 128.62, 128.62, 128.62, 128.62, 128.62, 128.62, 128.62, 128.62, 128.62, 128.62, 128.62, 128.62, 128.62, 128.62, 128.62, 128.62, 128.62, 128.62, 128.62, 128.62, 128.62, 128.62, 128.62, 128.62, 128.62, 128.62, 128.62, 128.62, 128.62, 128.62, 128.62, 128.62, 128.62, 128.62, 128.62, 128.62, 128.62, 128.62, 128.62, 128.62, 128.62, 128.62, 128.62, 128.62, 128.62, 128.62, 128.62, 128.62, 128.62, 128.62, 129.306]
BA [150.21, 149.96, 150.0, 150.13, 150.21, 150.2599, 150.225, 150.65, 150.69, 150.46, 150.73, 150.665, 150.78, 150.58, 151.0901, 151.32, 151.225, 151.19, 151.19, 151.19, 151.19, 151.19, 151.19, 151.19, 151.19, 151.19, 151.19, 151.19, 151.19, 151.19, 151.19, 151.19, 151.19, 151.19, 151.19, 151.19, 151.19, 151.19, 151.19, 151.19, 151.19, 151.19, 151.19, 151.19, 151.19, 151.19, 151.19, 151.19, 151.19, 151.19, 151.19, 151.19, 151.19, 151.19, 151.19, 151.19, 151.19, 151.19, 151.19, 151.19, 151.19, 151.19, 151.19, 151.19, 151.19, 151.19, 151.19, 151.19, 151.19, 151.19, 151.19, 151.19, 150.72]
CAT [84.25, 84.13, 84.265, 84.265, 84.46, 84.405, 84.52, 84.38, 84.455, 84.445, 84.4625, 84.495, 84.44, 84.3955, 84.35, 84.39, 84.58, 84.86, 84.87, 84.87, 84.87, 84.87, 84.87, 84.87, 84.87, 84.87, 84.87, 84.87, 84.87, 84.87, 84.87, 84.87, 84.87, 84.87, 84.87, 84.87, 84.87, 84.87, 84.87, 84.87, 84.87, 84.87, 84.87, 84.87, 84.87, 84.87, 84.87, 84.87, 84.87, 84.87, 84.87, 84.87, 84.87, 84.87, 84.87, 84.87, 84.87, 84.87, 84.87, 84.87, 84.87, 84.87, 84.87, 84.87, 84.87, 84.87, 84.87, 84.87, 84.87, 84.87, 84.87, 84.87, 86.55]
CVX [109.55, 109.4, 109.422, 109.41, 109.535, 109.45, 109.43, 109.41, 109.34, 109.415, 109.41, 109.38, 109.49, 109.37, 109.47, 109.44, 109.4601, 109.5, 109.5, 109.5, 109.5, 109.5, 109.5, 109.5, 109.5, 109.5, 109.5, 109.5, 109.5, 109.5, 109.5, 109.5, 109.5, 109.5, 109.5, 109.5, 109.5, 109.5, 109.5, 109.5, 109.5, 109.5, 109.5, 109.5, 109.5, 109.5, 109.5, 109.5, 109.5, 109.5, 109.5, 109.5, 109.5, 109.5, 109.5, 109.5, 109.5, 109.5, 109.5, 109.5, 109.5, 109.5, 109.5, 109.5, 109.5, 109.5, 109.5, 109.5, 109.5, 109.5, 109.5, 109.5, 110.3523]
CSCO [28.555, 28.53, 28.555, 28.57, 28.61, 28.59, 28.6049, 28.605, 28.6472, 28.64, 28.645, 28.62, 28.635, 28.62, 28.65, 28.63, 28.625, 28.62, 28.62, 28.62, 28.62, 28.62, 28.62, 28.62, 28.62, 28.62, 28.62, 28.62, 28.62, 28.62, 28.62, 28.62, 28.62, 28.62, 28.62, 28.62, 28.62, 28.62, 28.62, 28.62, 28.62, 28.62, 28.62, 28.62, 28.62, 28.62, 28.62, 28.62, 28.62, 28.62, 28.62, 28.62, 28.62, 28.62, 28.62, 28.62, 28.62, 28.62, 28.62, 28.62, 28.62, 28.62, 28.62, 28.62, 28.62, 28.62, 28.62, 28.62, 28.62, 28.62, 28.62, 28.62, 28.44]
KO [41.3599, 41.395, 41.41, 41.405, 41.44, 41.385, 41.4, 41.405, 41.4, 41.4136, 41.38, 41.38, 41.3954, 41.42, 41.39, 41.285, 41.23, 41.3, 41.31, 41.31, 41.31, 41.31, 41.31, 41.31, 41.31, 41.31, 41.31, 41.31, 41.31, 41.31, 41.31, 41.31, 41.31, 41.31, 41.31, 41.31, 41.31, 41.31, 41.31, 41.31, 41.31, 41.31, 41.31, 41.31, 41.31, 41.31, 41.31, 41.31, 41.31, 41.31, 41.31, 41.31, 41.31, 41.31, 41.31, 41.31, 41.31, 41.31, 41.31, 41.31, 41.31, 41.31, 41.31, 41.31, 41.31, 41.31, 41.31, 41.31, 41.31, 41.31, 41.31, 41.31, 41.16]
DD [71.21, 71.1544, 71.16, 71.29, 71.42, 71.36, 71.4, 71.42, 71.35, 71.35, 71.32, 71.38, 71.4, 71.43, 71.47, 71.41, 71.51, 71.44, 71.44, 71.44, 71.44, 71.44, 71.44, 71.44, 71.44, 71.44, 71.44, 71.44, 71.44, 71.44, 71.44, 71.44, 71.44, 71.44, 71.44, 71.44, 71.44, 71.44, 71.44, 71.44, 71.44, 71.44, 71.44, 71.44, 71.44, 71.44, 71.44, 71.44, 71.44, 71.44, 71.44, 71.44, 71.44, 71.44, 71.44, 71.44, 71.44, 71.44, 71.44, 71.44, 71.44, 71.44, 71.44, 71.44, 71.44, 71.44, 71.44, 71.44, 71.44, 71.44, 71.44, 71.44, 71.31]
XOM [87.44, 87.34, 87.48, 87.525, 87.74, 87.715, 87.78, 87.68, 87.5401, 87.61, 87.585, 87.48, 87.475, 87.47, 87.545, 87.35, 87.41, 87.45, 87.46, 87.46, 87.46, 87.46, 87.46, 87.46, 87.46, 87.46, 87.46, 87.46, 87.46, 87.46, 87.46, 87.46, 87.46, 87.46, 87.46, 87.46, 87.46, 87.46, 87.46, 87.46, 87.46, 87.46, 87.46, 87.46, 87.46, 87.46, 87.46, 87.46, 87.46, 87.46, 87.46, 87.46, 87.46, 87.46, 87.46, 87.46, 87.46, 87.46, 87.46, 87.46, 87.46, 87.46, 87.46, 87.46, 87.46, 87.46, 87.46, 87.46, 87.46, 87.46, 87.46, 87.46, 88.0457]
GE [26.885, 26.88, 26.935, 26.9401, 26.99, 26.9435, 26.93, 26.925, 26.917, 26.88, 26.9, 26.905, 26.915, 26.9253, 26.96, 26.925, 26.96, 26.91, 26.91, 26.91, 26.91, 26.91, 26.91, 26.91, 26.91, 26.91, 26.91, 26.91, 26.91, 26.91, 26.91, 26.91, 26.91, 26.91, 26.91, 26.91, 26.91, 26.91, 26.91, 26.91, 26.91, 26.91, 26.91, 26.91, 26.91, 26.91, 26.91, 26.91, 26.91, 26.91, 26.91, 26.91, 26.91, 26.91, 26.91, 26.91, 26.91, 26.91, 26.91, 26.91, 26.91, 26.91, 26.91, 26.91, 26.91, 26.91, 26.91, 26.91, 26.91, 26.91, 26.91, 26.91, 26.82]
GS [198.88, 198.53, 198.64, 198.66, 198.8, 198.615, 199.01, 199.0203, 198.96, 199.03, 199.04, 198.94, 198.79, 198.52, 198.53, 198.29, 198.35, 198.32, 198.32, 198.32, 198.32, 198.32, 198.32, 198.32, 198.32, 198.32, 198.32, 198.32, 198.32, 198.32, 198.32, 198.32, 198.32, 198.32, 198.32, 198.32, 198.32, 198.32, 198.32, 198.32, 198.32, 198.32, 198.32, 198.32, 198.32, 198.32, 198.32, 198.32, 198.32, 198.32, 198.32, 198.32, 198.32, 198.32, 198.32, 198.32, 198.32, 198.32, 198.32, 198.32, 198.32, 198.32, 198.32, 198.32, 198.32, 198.32, 198.32, 198.32, 198.32, 198.32, 198.32, 198.32, 198.43]
HD [112.88, 112.75, 112.67, 112.6387, 112.76, 112.77, 112.785, 112.84, 112.827, 112.9, 112.94, 113.0, 113.04, 113.06, 113.11, 112.97, 112.955, 112.99, 112.99, 112.99, 112.99, 112.99, 112.99, 112.99, 112.99, 112.99, 112.99, 112.99, 112.99, 112.99, 112.99, 112.99, 112.99, 112.99, 112.99, 112.99, 112.99, 112.99, 112.99, 112.99, 112.99, 112.99, 112.99, 112.99, 112.99, 112.99, 112.99, 112.99, 112.99, 112.99, 112.99, 112.99, 112.99, 112.99, 112.99, 112.99, 112.99, 112.99, 112.99, 112.99, 112.99, 112.99, 112.99, 112.99, 112.99, 112.99, 112.99, 112.99, 112.99, 112.99, 112.99, 112.99, 113.43]
INTC [32.21, 32.16, 32.18, 32.22, 32.28, 32.2639, 32.3, 32.34, 32.3251, 32.345, 32.3073, 32.315, 32.3699, 32.36, 32.395, 32.34, 32.41, 32.7, 32.7, 32.7, 32.7, 32.7, 32.7, 32.7, 32.7, 32.7, 32.7, 32.7, 32.7, 32.7, 32.7, 32.7, 32.7, 32.7, 32.7, 32.7, 32.7, 32.7, 32.7, 32.7, 32.7, 32.7, 32.7, 32.7, 32.7, 32.7, 32.7, 32.7, 32.7, 32.7, 32.7, 32.7, 32.7, 32.7, 32.7, 32.7, 32.7, 32.7, 32.7, 32.7, 32.7, 32.7, 32.7, 32.7, 32.7, 32.7, 32.7, 32.7, 32.7, 32.7, 32.7, 32.7, 32.23]
IBM [165.65, 165.55, 165.57, 165.6, 165.8575, 165.82, 165.95, 165.6, 165.6, 165.46, 165.2707, 165.56, 165.59, 165.6298, 165.68, 165.3316, 165.34, 165.34, 165.36, 165.36, 165.36, 165.36, 165.36, 165.36, 165.36, 165.36, 165.36, 165.36, 165.36, 165.36, 165.36, 165.36, 165.36, 165.36, 165.36, 165.36, 165.36, 165.36, 165.36, 165.36, 165.36, 165.36, 165.36, 165.36, 165.36, 165.36, 165.36, 165.36, 165.36, 165.36, 165.36, 165.36, 165.36, 165.36, 165.36, 165.36, 165.36, 165.36, 165.36, 165.36, 165.36, 165.36, 165.36, 165.36, 165.36, 165.36, 165.36, 165.36, 165.36, 165.36, 165.36, 165.36, 166.7]
JNJ [100.48, 100.4549, 100.51, 100.53, 100.67, 100.69, 100.71, 100.77, 100.695, 100.7, 100.675, 100.63, 100.635, 100.635, 100.7, 100.535, 100.5, 100.45, 100.43, 100.43, 100.43, 100.43, 100.43, 100.43, 100.43, 100.43, 100.43, 100.43, 100.43, 100.43, 100.43, 100.43, 100.43, 100.43, 100.43, 100.43, 100.43, 100.43, 100.43, 100.43, 100.43, 100.43, 100.43, 100.43, 100.43, 100.43, 100.43, 100.43, 100.43, 100.43, 100.43, 100.43, 100.43, 100.43, 100.43, 100.43, 100.43, 100.43, 100.43, 100.43, 100.43, 100.43, 100.43, 100.43, 100.43, 100.43, 100.43, 100.43, 100.43, 100.43, 100.43, 100.43, 100.128]
JPM [62.95, 62.88, 62.94, 62.97, 63.08, 63.02, 63.11, 63.06, 63.01, 63.085, 63.08, 63.105, 63.08, 63.02, 63.06, 62.95, 62.97, 62.94, 62.94, 62.94, 62.94, 62.94, 62.94, 62.94, 62.94, 62.94, 62.94, 62.94, 62.94, 62.94, 62.94, 62.94, 62.94, 62.94, 62.94, 62.94, 62.94, 62.94, 62.94, 62.94, 62.94, 62.94, 62.94, 62.94, 62.94, 62.94, 62.94, 62.94, 62.94, 62.94, 62.94, 62.94, 62.94, 62.94, 62.94, 62.94, 62.94, 62.94, 62.94, 62.94, 62.94, 62.94, 62.94, 62.94, 62.94, 62.94, 62.94, 62.94, 62.94, 62.94, 62.94, 62.94, 62.75]
MCD [97.172, 97.0, 97.31, 97.675, 97.7, 97.41, 98.03, 98.05, 97.9036, 97.9, 98.14, 97.9599, 97.95, 98.05, 98.05, 97.8499, 97.83, 97.84, 97.84, 97.84, 97.84, 97.84, 97.84, 97.84, 97.84, 97.84, 97.84, 97.84, 97.84, 97.84, 97.84, 97.84, 97.84, 97.84, 97.84, 97.84, 97.84, 97.84, 97.84, 97.84, 97.84, 97.84, 97.84, 97.84, 97.84, 97.84, 97.84, 97.84, 97.84, 97.84, 97.84, 97.84, 97.84, 97.84, 97.84, 97.84, 97.84, 97.84, 97.84, 97.84, 97.84, 97.84, 97.84, 97.84, 97.84, 97.84, 97.84, 97.84, 97.84, 97.84, 97.84, 97.84, 97.43]
MRK [57.699, 57.68, 57.7158, 57.7, 57.74, 57.793, 57.79, 57.8, 57.775, 57.78, 57.81, 57.805, 57.78, 57.75, 57.75, 57.76, 57.6932, 57.675, 57.69, 57.69, 57.69, 57.69, 57.69, 57.69, 57.69, 57.69, 57.69, 57.69, 57.69, 57.69, 57.69, 57.69, 57.69, 57.69, 57.69, 57.69, 57.69, 57.69, 57.69, 57.69, 57.69, 57.69, 57.69, 57.69, 57.69, 57.69, 57.69, 57.69, 57.69, 57.69, 57.69, 57.69, 57.69, 57.69, 57.69, 57.69, 57.69, 57.69, 57.69, 57.69, 57.69, 57.69, 57.69, 57.69, 57.69, 57.69, 57.69, 57.69, 57.69, 57.69, 57.69, 57.69, 57.19]
MSFT [43.08, 43.0, 43.04, 42.995, 43.0658, 43.0458, 43.085, 43.09, 43.021, 43.025, 43.0456, 43.065, 43.09, 43.059, 43.089, 43.0, 43.005, 42.985, 42.985, 42.985, 42.985, 42.985, 42.985, 42.985, 42.985, 42.985, 42.985, 42.985, 42.985, 42.985, 42.985, 42.985, 42.985, 42.985, 42.985, 42.985, 42.985, 42.985, 42.985, 42.985, 42.985, 42.985, 42.985, 42.985, 42.985, 42.985, 42.985, 42.985, 42.985, 42.985, 42.985, 42.985, 42.985, 42.985, 42.985, 42.985, 42.985, 42.985, 42.985, 42.985, 42.985, 42.985, 42.985, 42.985, 42.985, 42.985, 42.985, 42.985, 42.985, 42.985, 42.985, 42.985, 43.06]
NKE [99.88, 99.69, 99.71, 99.805, 99.9, 99.96, 100.0, 100.02, 99.96, 100.05, 100.0, 99.9136, 99.9213, 99.995, 100.1, 100.01, 100.12, 100.15, 100.15, 100.15, 100.15, 100.15, 100.15, 100.15, 100.15, 100.15, 100.15, 100.15, 100.15, 100.15, 100.15, 100.15, 100.15, 100.15, 100.15, 100.15, 100.15, 100.15, 100.15, 100.15, 100.15, 100.15, 100.15, 100.15, 100.15, 100.15, 100.15, 100.15, 100.15, 100.15, 100.15, 100.15, 100.15, 100.15, 100.15, 100.15, 100.15, 100.15, 100.15, 100.15, 100.15, 100.15, 100.15, 100.15, 100.15, 100.15, 100.15, 100.15, 100.15, 100.15, 100.15, 100.15, 100.5296]
PFE [34.91, 34.91, 34.93, 34.93, 34.9736, 34.98, 35.02, 35.035, 35.0181, 35.039, 35.025, 34.98, 34.98, 34.97, 34.985, 34.93, 34.945, 34.935, 34.93, 34.93, 34.93, 34.93, 34.93, 34.93, 34.93, 34.93, 34.93, 34.93, 34.93, 34.93, 34.93, 34.93, 34.93, 34.93, 34.93, 34.93, 34.93, 34.93, 34.93, 34.93, 34.93, 34.93, 34.93, 34.93, 34.93, 34.93, 34.93, 34.93, 34.93, 34.93, 34.93, 34.93, 34.93, 34.93, 34.93, 34.93, 34.93, 34.93, 34.93, 34.93, 34.93, 34.93, 34.93, 34.93, 34.93, 34.93, 34.93, 34.93, 34.93, 34.93, 34.93, 34.93, 34.94]
PG [83.0199, 82.97, 83.045, 83.0567, 83.2, 83.1201, 83.174, 83.19, 83.2151, 83.225, 83.2, 83.169, 83.18, 83.25, 83.33, 83.21, 83.11, 83.09, 83.09, 83.09, 83.09, 83.09, 83.09, 83.09, 83.09, 83.09, 83.09, 83.09, 83.09, 83.09, 83.09, 83.09, 83.09, 83.09, 83.09, 83.09, 83.09, 83.09, 83.09, 83.09, 83.09, 83.09, 83.09, 83.09, 83.09, 83.09, 83.09, 83.09, 83.09, 83.09, 83.09, 83.09, 83.09, 83.09, 83.09, 83.09, 83.09, 83.09, 83.09, 83.09, 83.09, 83.09, 83.09, 83.09, 83.09, 83.09, 83.09, 83.09, 83.09, 83.09, 83.09, 83.09, 81.49]
TRV [101.49, 101.42, 101.69, 101.63, 101.62, 101.66, 101.63, 101.61, 101.535, 101.635, 101.6, 101.66, 101.75, 101.68, 101.91, 101.92, 101.93, 102.01, 102.02, 102.02, 102.02, 102.02, 102.02, 102.02, 102.02, 102.02, 102.02, 102.02, 102.02, 102.02, 102.02, 102.02, 102.02, 102.02, 102.02, 102.02, 102.02, 102.02, 102.02, 102.02, 102.02, 102.02, 102.02, 102.02, 102.02, 102.02, 102.02, 102.02, 102.02, 102.02, 102.02, 102.02, 102.02, 102.02, 102.02, 102.02, 102.02, 102.02, 102.02, 102.02, 102.02, 102.02, 102.02, 102.02, 102.02, 102.02, 102.02, 102.02, 102.02, 102.02, 102.02, 102.02, 102.06]
UNH [117.78, 117.92, 117.8401, 117.73, 117.7, 117.6155, 117.27, 117.43, 117.58, 117.61, 117.82, 117.67, 117.67, 117.697, 118.05, 117.79, 117.9308, 117.8, 117.81, 117.81, 117.81, 117.81, 117.81, 117.81, 117.81, 117.81, 117.81, 117.81, 117.81, 117.81, 117.81, 117.81, 117.81, 117.81, 117.81, 117.81, 117.81, 117.81, 117.81, 117.81, 117.81, 117.81, 117.81, 117.81, 117.81, 117.81, 117.81, 117.81, 117.81, 117.81, 117.81, 117.81, 117.81, 117.81, 117.81, 117.81, 117.81, 117.81, 117.81, 117.81, 117.81, 117.81, 117.81, 117.81, 117.81, 117.81, 117.81, 117.81, 117.81, 117.81, 117.81, 117.81, 117.49]
UTX [116.68, 116.565, 116.715, 116.785, 116.9, 116.88, 117.1336, 117.19, 117.12, 117.02, 117.05, 116.89, 116.985, 117.05, 117.125, 116.99, 116.89, 116.93, 116.96, 116.96, 116.96, 116.96, 116.96, 116.96, 116.96, 116.96, 116.96, 116.96, 116.96, 116.96, 116.96, 116.96, 116.96, 116.96, 116.96, 116.96, 116.96, 116.96, 116.96, 116.96, 116.96, 116.96, 116.96, 116.96, 116.96, 116.96, 116.96, 116.96, 116.96, 116.96, 116.96, 116.96, 116.96, 116.96, 116.96, 116.96, 116.96, 116.96, 116.96, 116.96, 116.96, 116.96, 116.96, 116.96, 116.96, 116.96, 116.96, 116.96, 116.96, 116.96, 116.96, 116.96, 116.895]
VZ [49.535, 49.54, 49.62, 49.63, 49.665, 49.605, 49.62, 49.6156, 49.5733, 49.55, 49.5099, 49.46, 49.51, 49.55, 49.525, 49.45, 49.5532, 49.55, 49.57, 49.57, 49.57, 49.57, 49.57, 49.57, 49.57, 49.57, 49.57, 49.57, 49.57, 49.57, 49.57, 49.57, 49.57, 49.57, 49.57, 49.57, 49.57, 49.57, 49.57, 49.57, 49.57, 49.57, 49.57, 49.57, 49.57, 49.57, 49.57, 49.57, 49.57, 49.57, 49.57, 49.57, 49.57, 49.57, 49.57, 49.57, 49.57, 49.57, 49.57, 49.57, 49.57, 49.57, 49.57, 49.57, 49.57, 49.57, 49.57, 49.57, 49.57, 49.57, 49.57, 49.57, 49.715]
V [68.56, 68.5, 68.4498, 68.325, 68.4475, 68.26, 68.26, 68.12, 68.04, 68.18, 68.21, 68.1007, 68.17, 68.15, 68.2899, 68.01, 68.1, 68.01, 68.01, 68.01, 68.01, 68.01, 68.01, 68.01, 68.01, 68.01, 68.01, 68.01, 68.01, 68.01, 68.01, 68.01, 68.01, 68.01, 68.01, 68.01, 68.01, 68.01, 68.01, 68.01, 68.01, 68.01, 68.01, 68.01, 68.01, 68.01, 68.01, 68.01, 68.01, 68.01, 68.01, 68.01, 68.01, 68.01, 68.01, 68.01, 68.01, 68.01, 68.01, 68.01, 68.01, 68.01, 68.01, 68.01, 68.01, 68.01, 68.01, 68.01, 68.01, 68.01, 68.01, 68.01, 67.72]
WMT [78.59, 78.525, 78.59, 78.47, 78.56, 78.5374, 78.59, 78.49, 78.4701, 78.405, 78.43, 78.3251, 78.44, 78.38, 78.515, 78.45, 78.42, 78.43, 78.43, 78.43, 78.43, 78.43, 78.43, 78.43, 78.43, 78.43, 78.43, 78.43, 78.43, 78.43, 78.43, 78.43, 78.43, 78.43, 78.43, 78.43, 78.43, 78.43, 78.43, 78.43, 78.43, 78.43, 78.43, 78.43, 78.43, 78.43, 78.43, 78.43, 78.43, 78.43, 78.43, 78.43, 78.43, 78.43, 78.43, 78.43, 78.43, 78.43, 78.43, 78.43, 78.43, 78.43, 78.43, 78.43, 78.43, 78.43, 78.43, 78.43, 78.43, 78.43, 78.43, 78.43, 78.78]
DIS [107.81, 107.7447, 107.82, 107.85, 108.0, 107.9572, 108.05, 108.14, 108.11, 108.12, 108.14, 108.02, 108.11, 108.13, 108.15, 107.95, 107.98, 107.94, 107.94, 107.94, 107.94, 107.94, 107.94, 107.94, 107.94, 107.94, 107.94, 107.94, 107.94, 107.94, 107.94, 107.94, 107.94, 107.94, 107.94, 107.94, 107.94, 107.94, 107.94, 107.94, 107.94, 107.94, 107.94, 107.94, 107.94, 107.94, 107.94, 107.94, 107.94, 107.94, 107.94, 107.94, 107.94, 107.94, 107.94, 107.94, 107.94, 107.94, 107.94, 107.94, 107.94, 107.94, 107.94, 107.94, 107.94, 107.94, 107.94, 107.94, 107.94, 107.94, 107.94, 107.94, 108.28]
